r [fm]    Potential [MeV]
6621.51152 0.030000000000
3704.85137 0.040000000000
2354.85795 0.050000000000
1621.53126 0.060000000000
1179.36110 0.070000000000
 892.37808 0.080000000000
 695.62567 0.090000000000
 554.89185 0.100000000000
 450.76660 0.110000000000
 371.57256 0.120000000000
 309.94261 0.130000000000
 261.04269 0.140000000000
 221.59420 0.150000000000
 189.30990 0.160000000000
 162.55481 0.170000000000
 140.13507 0.180000000000
 121.16249 0.190000000000
 104.96521 0.200000000000
  91.02742 0.210000000000
  78.94783 0.220000000000
  68.41041 0.230000000000
  59.16360 0.240000000000
  51.00509 0.250000000000
  43.77075 0.260000000000
  37.32624 0.270000000000
  31.56079 0.280000000000
  26.38238 0.290000000000
  21.71408 0.300000000000
  17.49115 0.310000000000
  13.65882 0.320000000000
  10.17049 0.330000000000
   6.98629 0.340000000000
   4.07199 0.350000000000
   1.39804 0.360000000000
  -1.06118 0.370000000000
  -3.32796 0.380000000000
  -5.42177 0.390000000000
  -7.35967 0.400000000000
  -9.15667 0.410000000000
 -10.82601 0.420000000000
 -12.37942 0.430000000000
 -13.82729 0.440000000000
 -15.17890 0.450000000000
 -16.44250 0.460000000000
 -17.62549 0.470000000000
 -18.73451 0.480000000000
 -19.77551 0.490000000000
 -20.75388 0.500000000000
 -21.67445 0.510000000000
 -22.54161 0.520000000000
 -23.35936 0.530000000000
 -24.13128 0.540000000000
 -24.86069 0.550000000000
 -25.55056 0.560000000000
 -26.20364 0.570000000000
 -26.82243 0.580000000000
 -27.40921 0.590000000000
 -27.96609 0.600000000000
 -28.49500 0.610000000000
 -28.99772 0.620000000000
 -29.47587 0.630000000000
 -29.93097 0.640000000000
 -30.36441 0.650000000000
 -30.77749 0.660000000000
 -31.17138 0.670000000000
 -31.54720 0.680000000000
 -31.90596 0.690000000000
 -32.24864 0.700000000000
 -32.57610 0.710000000000
 -32.88917 0.720000000000
 -33.18863 0.730000000000
 -33.47518 0.740000000000
 -33.74949 0.750000000000
 -34.01220 0.760000000000
 -34.26388 0.770000000000
 -34.50508 0.780000000000
 -34.73631 0.790000000000
 -34.95805 0.800000000000
 -35.17075 0.810000000000
 -35.37484 0.820000000000
 -35.57070 0.830000000000
 -35.75872 0.840000000000
 -35.93924 0.850000000000
 -36.11260 0.860000000000
 -36.27911 0.870000000000
 -36.43905 0.880000000000
 -36.59271 0.890000000000
 -36.74035 0.900000000000
 -36.88221 0.910000000000
 -37.01853 0.920000000000
 -37.14953 0.930000000000
 -37.27541 0.940000000000
 -37.39638 0.950000000000
 -37.51261 0.960000000000
 -37.62430 0.970000000000
 -37.73160 0.980000000000
 -37.83467 0.990000000000
 -37.93367 1.000000000000
 -38.02873 1.010000000000
 -38.12000 1.020000000000
 -38.20760 1.030000000000
 -38.29166 1.040000000000
 -38.37228 1.050000000000
 -38.44959 1.060000000000
 -38.52369 1.070000000000
 -38.59467 1.080000000000
 -38.66263 1.090000000000
 -38.72767 1.100000000000
 -38.78987 1.110000000000
 -38.84931 1.120000000000
 -38.90608 1.130000000000
 -38.96023 1.140000000000
 -39.01186 1.150000000000
 -39.06101 1.160000000000
 -39.10777 1.170000000000
 -39.15218 1.180000000000
 -39.19432 1.190000000000
 -39.23423 1.200000000000
 -39.27197 1.210000000000
 -39.30759 1.220000000000
 -39.34113 1.230000000000
 -39.37266 1.240000000000
 -39.40220 1.250000000000
 -39.42980 1.260000000000
 -39.45551 1.270000000000
 -39.47935 1.280000000000
 -39.50138 1.290000000000
 -39.52161 1.300000000000
 -39.54009 1.310000000000
 -39.55685 1.320000000000
 -39.57192 1.330000000000
 -39.58533 1.340000000000
 -39.59710 1.350000000000
 -39.60726 1.360000000000
 -39.61584 1.370000000000
 -39.62286 1.380000000000
 -39.62834 1.390000000000
 -39.63231 1.400000000000
 -39.63478 1.410000000000
 -39.63578 1.420000000000
 -39.63533 1.430000000000
 -39.63344 1.440000000000
 -39.63012 1.450000000000
 -39.62541 1.460000000000
 -39.61930 1.470000000000
 -39.61183 1.480000000000
 -39.60299 1.490000000000
 -39.59280 1.500000000000
 -39.58129 1.510000000000
 -39.56844 1.520000000000
 -39.55429 1.530000000000
 -39.53884 1.540000000000
 -39.52209 1.550000000000
 -39.50407 1.560000000000
 -39.48477 1.570000000000
 -39.46421 1.580000000000
 -39.44239 1.590000000000
 -39.41932 1.600000000000
 -39.39501 1.610000000000
 -39.36946 1.620000000000
 -39.34269 1.630000000000
 -39.31469 1.640000000000
 -39.28548 1.650000000000
 -39.25505 1.660000000000
 -39.22341 1.670000000000
 -39.19056 1.680000000000
 -39.15652 1.690000000000
 -39.12128 1.700000000000
 -39.08484 1.710000000000
 -39.04721 1.720000000000
 -39.00840 1.730000000000
 -38.96840 1.740000000000
 -38.92721 1.750000000000
 -38.88484 1.760000000000
 -38.84129 1.770000000000
 -38.79656 1.780000000000
 -38.75066 1.790000000000
 -38.70358 1.800000000000
 -38.65532 1.810000000000
 -38.60589 1.820000000000
 -38.55528 1.830000000000
 -38.50350 1.840000000000
 -38.45054 1.850000000000
 -38.39641 1.860000000000
 -38.34111 1.870000000000
 -38.28463 1.880000000000
 -38.22698 1.890000000000
 -38.16816 1.900000000000
 -38.10815 1.910000000000
 -38.04698 1.920000000000
 -37.98462 1.930000000000
 -37.92109 1.940000000000
 -37.85638 1.950000000000
 -37.79049 1.960000000000
 -37.72342 1.970000000000
 -37.65517 1.980000000000
 -37.58574 1.990000000000
 -37.51513 2.000000000000
 -37.44333 2.010000000000
 -37.37035 2.020000000000
 -37.29618 2.030000000000
 -37.22083 2.040000000000
 -37.14428 2.050000000000
 -37.06655 2.060000000000
 -36.98763 2.070000000000
 -36.90752 2.080000000000
 -36.82622 2.090000000000
 -36.74372 2.100000000000
 -36.66004 2.110000000000
 -36.57516 2.120000000000
 -36.48908 2.130000000000
 -36.40181 2.140000000000
 -36.31334 2.150000000000
 -36.22368 2.160000000000
 -36.13282 2.170000000000
 -36.04077 2.180000000000
 -35.94752 2.190000000000
 -35.85308 2.200000000000
 -35.75743 2.210000000000
 -35.66060 2.220000000000
 -35.56256 2.230000000000
 -35.46334 2.240000000000
 -35.36291 2.250000000000
 -35.26130 2.260000000000
 -35.15849 2.270000000000
 -35.05450 2.280000000000
 -34.94931 2.290000000000
 -34.84293 2.300000000000
 -34.73537 2.310000000000
 -34.62662 2.320000000000
 -34.51670 2.330000000000
 -34.40559 2.340000000000
 -34.29330 2.350000000000
 -34.17984 2.360000000000
 -34.06521 2.370000000000
 -33.94941 2.380000000000
 -33.83244 2.390000000000
 -33.71431 2.400000000000
 -33.59502 2.410000000000
 -33.47458 2.420000000000
 -33.35299 2.430000000000
 -33.23026 2.440000000000
 -33.10638 2.450000000000
 -32.98137 2.460000000000
 -32.85523 2.470000000000
 -32.72797 2.480000000000
 -32.59958 2.490000000000
 -32.47009 2.500000000000
 -32.33949 2.510000000000
 -32.20779 2.520000000000
 -32.07499 2.530000000000
 -31.94112 2.540000000000
 -31.80616 2.550000000000
 -31.67014 2.560000000000
 -31.53305 2.570000000000
 -31.39491 2.580000000000
 -31.25572 2.590000000000
 -31.11550 2.600000000000
 -30.97426 2.610000000000
 -30.83199 2.620000000000
 -30.68872 2.630000000000
 -30.54446 2.640000000000
 -30.39920 2.650000000000
 -30.25298 2.660000000000
 -30.10578 2.670000000000
 -29.95764 2.680000000000
 -29.80855 2.690000000000
 -29.65853 2.700000000000
 -29.50760 2.710000000000
 -29.35576 2.720000000000
 -29.20303 2.730000000000
 -29.04942 2.740000000000
 -28.89495 2.750000000000
 -28.73962 2.760000000000
 -28.58346 2.770000000000
 -28.42648 2.780000000000
 -28.26869 2.790000000000
 -28.11010 2.800000000000
 -27.95074 2.810000000000
 -27.79061 2.820000000000
 -27.62974 2.830000000000
 -27.46813 2.840000000000
 -27.30582 2.850000000000
 -27.14280 2.860000000000
 -26.97910 2.870000000000
 -26.81474 2.880000000000
 -26.64974 2.890000000000
 -26.48410 2.900000000000
 -26.31785 2.910000000000
 -26.15101 2.920000000000
 -25.98360 2.930000000000
 -25.81562 2.940000000000
 -25.64711 2.950000000000
 -25.47809 2.960000000000
 -25.30856 2.970000000000
 -25.13855 2.980000000000
 -24.96808 2.990000000000
 -24.79717 3.000000000000
 -24.62584 3.010000000000
 -24.45411 3.020000000000
 -24.28199 3.030000000000
 -24.10952 3.040000000000
 -23.93670 3.050000000000
 -23.76357 3.060000000000
 -23.59014 3.070000000000
 -23.41643 3.080000000000
 -23.24246 3.090000000000
 -23.06826 3.100000000000
 -22.89384 3.110000000000
 -22.71923 3.120000000000
 -22.54444 3.130000000000
 -22.36951 3.140000000000
 -22.19445 3.150000000000
 -22.01928 3.160000000000
 -21.84402 3.170000000000
 -21.66870 3.180000000000
 -21.49333 3.190000000000
 -21.31795 3.200000000000
 -21.14251 3.210000000000
 -20.96699 3.220000000000
 -20.79141 3.230000000000
 -20.61580 3.240000000000
 -20.44016 3.250000000000
 -20.26454 3.260000000000
 -20.08894 3.270000000000
 -19.91339 3.280000000000
 -19.73791 3.290000000000
 -19.56253 3.300000000000
 -19.38726 3.310000000000
 -19.21213 3.320000000000
 -19.03716 3.330000000000
 -18.86236 3.340000000000
 -18.68777 3.350000000000
 -18.51340 3.360000000000
 -18.33928 3.370000000000
 -18.16542 3.380000000000
 -17.99184 3.390000000000
 -17.81857 3.400000000000
 -17.64563 3.410000000000
 -17.47303 3.420000000000
 -17.30079 3.430000000000
 -17.12894 3.440000000000
 -16.95750 3.450000000000
 -16.78648 3.460000000000
 -16.61590 3.470000000000
 -16.44579 3.480000000000
 -16.27616 3.490000000000
 -16.10702 3.500000000000
 -15.93840 3.510000000000
 -15.77032 3.520000000000
 -15.60279 3.530000000000
 -15.43583 3.540000000000
 -15.26946 3.550000000000
 -15.10369 3.560000000000
 -14.93854 3.570000000000
 -14.77402 3.580000000000
 -14.61016 3.590000000000
 -14.44697 3.600000000000
 -14.28446 3.610000000000
 -14.12264 3.620000000000
 -13.96154 3.630000000000
 -13.80117 3.640000000000
 -13.64154 3.650000000000
 -13.48267 3.660000000000
 -13.32456 3.670000000000
 -13.16723 3.680000000000
 -13.01070 3.690000000000
 -12.85498 3.700000000000
 -12.70008 3.710000000000
 -12.54600 3.720000000000
 -12.39277 3.730000000000
 -12.24040 3.740000000000
 -12.08888 3.750000000000
 -11.93825 3.760000000000
 -11.78850 3.770000000000
 -11.63964 3.780000000000
 -11.49169 3.790000000000
 -11.34466 3.800000000000
 -11.19854 3.810000000000
 -11.05336 3.820000000000
 -10.90912 3.830000000000
 -10.76583 3.840000000000
 -10.62349 3.850000000000
 -10.48212 3.860000000000
 -10.34171 3.870000000000
 -10.20228 3.880000000000
 -10.06383 3.890000000000
  -9.92638 3.900000000000
  -9.78991 3.910000000000
  -9.65445 3.920000000000
  -9.51999 3.930000000000
  -9.38654 3.940000000000
  -9.25410 3.950000000000
  -9.12269 3.960000000000
  -8.99229 3.970000000000
  -8.86292 3.980000000000
  -8.73458 3.990000000000
  -8.60727 4.000000000000
  -8.48099 4.010000000000
  -8.35576 4.020000000000
  -8.23156 4.030000000000
  -8.10840 4.040000000000
  -7.98628 4.050000000000
  -7.86521 4.060000000000
  -7.74518 4.070000000000
  -7.62620 4.080000000000
  -7.50826 4.090000000000
  -7.39138 4.100000000000
  -7.27553 4.110000000000
  -7.16074 4.120000000000
  -7.04699 4.130000000000
  -6.93428 4.140000000000
  -6.82262 4.150000000000
  -6.71201 4.160000000000
  -6.60244 4.170000000000
  -6.49390 4.180000000000
  -6.38641 4.190000000000
  -6.27995 4.200000000000
  -6.17453 4.210000000000
  -6.07014 4.220000000000
  -5.96678 4.230000000000
  -5.86445 4.240000000000
  -5.76314 4.250000000000
  -5.66285 4.260000000000
  -5.56359 4.270000000000
  -5.46533 4.280000000000
  -5.36809 4.290000000000
  -5.27186 4.300000000000
  -5.17663 4.310000000000
  -5.08240 4.320000000000
  -4.98916 4.330000000000
  -4.89692 4.340000000000
  -4.80566 4.350000000000
  -4.71538 4.360000000000
  -4.62608 4.370000000000
  -4.53776 4.380000000000
  -4.45040 4.390000000000
  -4.36400 4.400000000000
  -4.27857 4.410000000000
  -4.19408 4.420000000000
  -4.11054 4.430000000000
  -4.02794 4.440000000000
  -3.94628 4.450000000000
  -3.86555 4.460000000000
  -3.78574 4.470000000000
  -3.70685 4.480000000000
  -3.62887 4.490000000000
  -3.55180 4.500000000000
  -3.47563 4.510000000000
  -3.40036 4.520000000000
  -3.32597 4.530000000000
  -3.25246 4.540000000000
  -3.17983 4.550000000000
  -3.10807 4.560000000000
  -3.03717 4.570000000000
  -2.96713 4.580000000000
  -2.89794 4.590000000000
  -2.82959 4.600000000000
  -2.76207 4.610000000000
  -2.69539 4.620000000000
  -2.62953 4.630000000000
  -2.56449 4.640000000000
  -2.50025 4.650000000000
  -2.43682 4.660000000000
  -2.37419 4.670000000000
  -2.31234 4.680000000000
  -2.25128 4.690000000000
  -2.19099 4.700000000000
  -2.13148 4.710000000000
  -2.07272 4.720000000000
  -2.01472 4.730000000000
  -1.95747 4.740000000000
  -1.90096 4.750000000000
  -1.84518 4.760000000000
  -1.79013 4.770000000000
  -1.73581 4.780000000000
  -1.68219 4.790000000000
  -1.62929 4.800000000000
  -1.57708 4.810000000000
  -1.52557 4.820000000000
  -1.47474 4.830000000000
  -1.42460 4.840000000000
  -1.37513 4.850000000000
  -1.32632 4.860000000000
  -1.27818 4.870000000000
  -1.23068 4.880000000000
  -1.18384 4.890000000000
  -1.13763 4.900000000000
  -1.09205 4.910000000000
  -1.04710 4.920000000000
  -1.00277 4.930000000000
  -0.95906 4.940000000000
  -0.91595 4.950000000000
  -0.87344 4.960000000000
  -0.83152 4.970000000000
  -0.79019 4.980000000000
  -0.74944 4.990000000000
  -0.70927 5.000000000000
  -0.66966 5.010000000000
  -0.63061 5.020000000000
  -0.59212 5.030000000000
  -0.55418 5.040000000000
  -0.51678 5.050000000000
  -0.47992 5.060000000000
  -0.44359 5.070000000000
  -0.40778 5.080000000000
  -0.37249 5.090000000000
  -0.33771 5.100000000000
  -0.30344 5.110000000000
  -0.26967 5.120000000000
  -0.23639 5.130000000000
  -0.20360 5.140000000000
  -0.17130 5.150000000000
  -0.13947 5.160000000000
  -0.10811 5.170000000000
  -0.07722 5.180000000000
  -0.04679 5.190000000000
  -0.01681 5.200000000000
   0.01271 5.210000000000
   0.04180 5.220000000000
   0.07044 5.230000000000
   0.09866 5.240000000000
   0.12644 5.250000000000
   0.15381 5.260000000000
   0.18076 5.270000000000
   0.20729 5.280000000000
   0.23342 5.290000000000
   0.25915 5.300000000000
   0.28448 5.310000000000
   0.30942 5.320000000000
   0.33397 5.330000000000
   0.35815 5.340000000000
   0.38194 5.350000000000
   0.40536 5.360000000000
   0.42842 5.370000000000
   0.45112 5.380000000000
   0.47345 5.390000000000
   0.49544 5.400000000000
   0.51707 5.410000000000
   0.53837 5.420000000000
   0.55932 5.430000000000
   0.57994 5.440000000000
   0.60022 5.450000000000
   0.62018 5.460000000000
   0.63982 5.470000000000
   0.65914 5.480000000000
   0.67815 5.490000000000
   0.69685 5.500000000000
   0.71525 5.510000000000
   0.73334 5.520000000000
   0.75113 5.530000000000
   0.76864 5.540000000000
   0.78585 5.550000000000
   0.80278 5.560000000000
   0.81943 5.570000000000
   0.83580 5.580000000000
   0.85190 5.590000000000
   0.86772 5.600000000000
   0.88328 5.610000000000
   0.89858 5.620000000000
   0.91362 5.630000000000
   0.92840 5.640000000000
   0.94293 5.650000000000
   0.95722 5.660000000000
   0.97125 5.670000000000
   0.98505 5.680000000000
   0.99861 5.690000000000
   1.01193 5.700000000000
   1.02502 5.710000000000
   1.03788 5.720000000000
   1.05052 5.730000000000
   1.06294 5.740000000000
   1.07513 5.750000000000
   1.08711 5.760000000000
   1.09888 5.770000000000
   1.11044 5.780000000000
   1.12179 5.790000000000
   1.13294 5.800000000000
   1.14388 5.810000000000
   1.15463 5.820000000000
   1.16518 5.830000000000
   1.17554 5.840000000000
   1.18571 5.850000000000
   1.19569 5.860000000000
   1.20549 5.870000000000
   1.21511 5.880000000000
   1.22455 5.890000000000
   1.23381 5.900000000000
   1.24289 5.910000000000
   1.25181 5.920000000000
   1.26056 5.930000000000
   1.26913 5.940000000000
   1.27755 5.950000000000
   1.28580 5.960000000000
   1.29390 5.970000000000
   1.30184 5.980000000000
   1.30962 5.990000000000
   1.31725 6.000000000000
   1.32473 6.010000000000
   1.33206 6.020000000000
   1.33925 6.030000000000
   1.34629 6.040000000000
   1.35319 6.050000000000
   1.35995 6.060000000000
   1.36657 6.070000000000
   1.37306 6.080000000000
   1.37941 6.090000000000
   1.38564 6.100000000000
   1.39173 6.110000000000
   1.39770 6.120000000000
   1.40354 6.130000000000
   1.40925 6.140000000000
   1.41485 6.150000000000
   1.42032 6.160000000000
   1.42568 6.170000000000
   1.43092 6.180000000000
   1.43605 6.190000000000
   1.44106 6.200000000000
   1.44596 6.210000000000
   1.45075 6.220000000000
   1.45544 6.230000000000
   1.46001 6.240000000000
   1.46449 6.250000000000
   1.46886 6.260000000000
   1.47312 6.270000000000
   1.47729 6.280000000000
   1.48136 6.290000000000
   1.48533 6.300000000000
   1.48921 6.310000000000
   1.49299 6.320000000000
   1.49668 6.330000000000
   1.50028 6.340000000000
   1.50379 6.350000000000
   1.50722 6.360000000000
   1.51055 6.370000000000
   1.51380 6.380000000000
   1.51696 6.390000000000
   1.52005 6.400000000000
   1.52305 6.410000000000
   1.52597 6.420000000000
   1.52881 6.430000000000
   1.53157 6.440000000000
   1.53425 6.450000000000
   1.53686 6.460000000000
   1.53940 6.470000000000
   1.54186 6.480000000000
   1.54425 6.490000000000
   1.54657 6.500000000000
   1.54883 6.510000000000
   1.55101 6.520000000000
   1.55312 6.530000000000
   1.55517 6.540000000000
   1.55715 6.550000000000
   1.55907 6.560000000000
   1.56092 6.570000000000
   1.56272 6.580000000000
   1.56445 6.590000000000
   1.56612 6.600000000000
   1.56773 6.610000000000
   1.56928 6.620000000000
   1.57077 6.630000000000
   1.57221 6.640000000000
   1.57360 6.650000000000
   1.57492 6.660000000000
   1.57620 6.670000000000
   1.57742 6.680000000000
   1.57859 6.690000000000
   1.57971 6.700000000000
   1.58077 6.710000000000
   1.58179 6.720000000000
   1.58276 6.730000000000
   1.58368 6.740000000000
   1.58455 6.750000000000
   1.58538 6.760000000000
   1.58616 6.770000000000
   1.58690 6.780000000000
   1.58759 6.790000000000
   1.58824 6.800000000000
   1.58884 6.810000000000
   1.58941 6.820000000000
   1.58993 6.830000000000
   1.59041 6.840000000000
   1.59085 6.850000000000
   1.59126 6.860000000000
   1.59162 6.870000000000
   1.59195 6.880000000000
   1.59224 6.890000000000
   1.59249 6.900000000000
   1.59270 6.910000000000
   1.59288 6.920000000000
   1.59303 6.930000000000
   1.59314 6.940000000000
   1.59322 6.950000000000
   1.59326 6.960000000000
   1.59327 6.970000000000
   1.59325 6.980000000000
   1.59320 6.990000000000
   1.59312 7.000000000000
   1.59301 7.010000000000
   1.59286 7.020000000000
   1.59269 7.030000000000
   1.59249 7.040000000000
   1.59226 7.050000000000
   1.59201 7.060000000000
   1.59172 7.070000000000
   1.59141 7.080000000000
   1.59107 7.090000000000
   1.59071 7.100000000000
   1.59032 7.110000000000
   1.58991 7.120000000000
   1.58947 7.130000000000
   1.58901 7.140000000000
   1.58852 7.150000000000
   1.58801 7.160000000000
   1.58748 7.170000000000
   1.58692 7.180000000000
   1.58635 7.190000000000
   1.58575 7.200000000000
   1.58513 7.210000000000
   1.58449 7.220000000000
   1.58383 7.230000000000
   1.58315 7.240000000000
   1.58245 7.250000000000
   1.58173 7.260000000000
   1.58099 7.270000000000
   1.58023 7.280000000000
   1.57945 7.290000000000
   1.57866 7.300000000000
   1.57785 7.310000000000
   1.57702 7.320000000000
   1.57617 7.330000000000
   1.57531 7.340000000000
   1.57443 7.350000000000
   1.57354 7.360000000000
   1.57263 7.370000000000
   1.57170 7.380000000000
   1.57076 7.390000000000
   1.56981 7.400000000000
   1.56884 7.410000000000
   1.56785 7.420000000000
   1.56686 7.430000000000
   1.56584 7.440000000000
   1.56482 7.450000000000
   1.56378 7.460000000000
   1.56273 7.470000000000
   1.56167 7.480000000000
   1.56059 7.490000000000
   1.55950 7.500000000000
   1.55840 7.510000000000
   1.55729 7.520000000000
   1.55617 7.530000000000
   1.55504 7.540000000000
   1.55389 7.550000000000
   1.55274 7.560000000000
   1.55157 7.570000000000
   1.55040 7.580000000000
   1.54921 7.590000000000
   1.54801 7.600000000000
   1.54681 7.610000000000
   1.54560 7.620000000000
   1.54437 7.630000000000
   1.54314 7.640000000000
   1.54190 7.650000000000
   1.54065 7.660000000000
   1.53939 7.670000000000
   1.53812 7.680000000000
   1.53685 7.690000000000
   1.53557 7.700000000000
   1.53428 7.710000000000
   1.53298 7.720000000000
   1.53167 7.730000000000
   1.53036 7.740000000000
   1.52904 7.750000000000
   1.52772 7.760000000000
   1.52639 7.770000000000
   1.52505 7.780000000000
   1.52370 7.790000000000
   1.52235 7.800000000000
   1.52100 7.810000000000
   1.51963 7.820000000000
   1.51827 7.830000000000
   1.51689 7.840000000000
   1.51551 7.850000000000
   1.51413 7.860000000000
   1.51274 7.870000000000
   1.51134 7.880000000000
   1.50994 7.890000000000
   1.50854 7.900000000000
   1.50713 7.910000000000
   1.50572 7.920000000000
   1.50430 7.930000000000
   1.50288 7.940000000000
   1.50145 7.950000000000
   1.50002 7.960000000000
   1.49859 7.970000000000
   1.49715 7.980000000000
   1.49571 7.990000000000
   1.49427 8.000000000000
   1.49282 8.010000000000
   1.49137 8.020000000000
   1.48992 8.030000000000
   1.48846 8.040000000000
   1.48700 8.050000000000
   1.48554 8.060000000000
   1.48407 8.070000000000
   1.48260 8.080000000000
   1.48113 8.090000000000
   1.47966 8.100000000000
   1.47818 8.110000000000
   1.47670 8.120000000000
   1.47522 8.130000000000
   1.47374 8.140000000000
   1.47225 8.150000000000
   1.47077 8.160000000000
   1.46928 8.170000000000
   1.46779 8.180000000000
   1.46630 8.190000000000
   1.46480 8.200000000000
   1.46331 8.210000000000
   1.46181 8.220000000000
   1.46032 8.230000000000
   1.45882 8.240000000000
   1.45732 8.250000000000
   1.45581 8.260000000000
   1.45431 8.270000000000
   1.45281 8.280000000000
   1.45130 8.290000000000
   1.44980 8.300000000000
   1.44829 8.310000000000
   1.44678 8.320000000000
   1.44528 8.330000000000
   1.44377 8.340000000000
   1.44226 8.350000000000
   1.44075 8.360000000000
   1.43924 8.370000000000
   1.43773 8.380000000000
   1.43622 8.390000000000
   1.43471 8.400000000000
   1.43320 8.410000000000
   1.43169 8.420000000000
   1.43017 8.430000000000
   1.42866 8.440000000000
   1.42715 8.450000000000
   1.42564 8.460000000000
   1.42413 8.470000000000
   1.42262 8.480000000000
   1.42111 8.490000000000
   1.41960 8.500000000000
   1.41808 8.510000000000
   1.41657 8.520000000000
   1.41506 8.530000000000
   1.41356 8.540000000000
   1.41205 8.550000000000
   1.41054 8.560000000000
   1.40903 8.570000000000
   1.40752 8.580000000000
   1.40602 8.590000000000
   1.40451 8.600000000000
   1.40300 8.610000000000
   1.40150 8.620000000000
   1.40000 8.630000000000
   1.39849 8.640000000000
   1.39699 8.650000000000
   1.39549 8.660000000000
   1.39399 8.670000000000
   1.39249 8.680000000000
   1.39099 8.690000000000
   1.38949 8.700000000000
   1.38800 8.710000000000
   1.38650 8.720000000000
   1.38501 8.730000000000
   1.38351 8.740000000000
   1.38202 8.750000000000
   1.38053 8.760000000000
   1.37904 8.770000000000
   1.37755 8.780000000000
   1.37607 8.790000000000
   1.37458 8.800000000000
   1.37309 8.810000000000
   1.37161 8.820000000000
   1.37013 8.830000000000
   1.36865 8.840000000000
   1.36717 8.850000000000
   1.36569 8.860000000000
   1.36422 8.870000000000
   1.36274 8.880000000000
   1.36127 8.890000000000
   1.35980 8.900000000000
   1.35833 8.910000000000
   1.35686 8.920000000000
   1.35539 8.930000000000
   1.35393 8.940000000000
   1.35246 8.950000000000
   1.35100 8.960000000000
   1.34954 8.970000000000
   1.34808 8.980000000000
   1.34662 8.990000000000
   1.34517 9.000000000000
   1.34372 9.010000000000
   1.34226 9.020000000000
   1.34081 9.030000000000
   1.33937 9.040000000000
   1.33792 9.050000000000
   1.33648 9.060000000000
   1.33503 9.070000000000
   1.33359 9.080000000000
   1.33215 9.090000000000
   1.33072 9.100000000000
   1.32928 9.110000000000
   1.32785 9.120000000000
   1.32641 9.130000000000
   1.32499 9.140000000000
   1.32356 9.150000000000
   1.32213 9.160000000000
   1.32071 9.170000000000
   1.31929 9.180000000000
   1.31787 9.190000000000
   1.31645 9.200000000000
   1.31503 9.210000000000
   1.31362 9.220000000000
   1.31221 9.230000000000
   1.31080 9.240000000000
   1.30939 9.250000000000
   1.30798 9.260000000000
   1.30658 9.270000000000
   1.30518 9.280000000000
   1.30378 9.290000000000
   1.30238 9.300000000000
   1.30099 9.310000000000
   1.29959 9.320000000000
   1.29820 9.330000000000
   1.29681 9.340000000000
   1.29542 9.350000000000
   1.29404 9.360000000000
   1.29266 9.370000000000
   1.29128 9.380000000000
   1.28990 9.390000000000
   1.28852 9.400000000000
   1.28715 9.410000000000
   1.28577 9.420000000000
   1.28440 9.430000000000
   1.28304 9.440000000000
   1.28167 9.450000000000
   1.28031 9.460000000000
   1.27895 9.470000000000
   1.27759 9.480000000000
   1.27623 9.490000000000
   1.27488 9.500000000000
   1.27352 9.510000000000
   1.27217 9.520000000000
   1.27083 9.530000000000
   1.26948 9.540000000000
   1.26814 9.550000000000
   1.26679 9.560000000000
   1.26546 9.570000000000
   1.26412 9.580000000000
   1.26278 9.590000000000
   1.26145 9.600000000000
   1.26012 9.610000000000
   1.25879 9.620000000000
   1.25747 9.630000000000
   1.25614 9.640000000000
   1.25482 9.650000000000
   1.25350 9.660000000000
   1.25218 9.670000000000
   1.25087 9.680000000000
   1.24956 9.690000000000
   1.24825 9.700000000000
   1.24694 9.710000000000
   1.24563 9.720000000000
   1.24433 9.730000000000
   1.24303 9.740000000000
   1.24173 9.750000000000
   1.24043 9.760000000000
   1.23914 9.770000000000
   1.23784 9.780000000000
   1.23655 9.790000000000
   1.23527 9.800000000000
   1.23398 9.810000000000
   1.23270 9.820000000000
   1.23142 9.830000000000
   1.23014 9.840000000000
   1.22886 9.850000000000
   1.22759 9.860000000000
   1.22631 9.870000000000
   1.22504 9.880000000000
   1.22378 9.890000000000
   1.22251 9.900000000000
   1.22125 9.910000000000
   1.21999 9.920000000000
   1.21873 9.930000000000
   1.21747 9.940000000000
   1.21622 9.950000000000
   1.21496 9.960000000000
   1.21371 9.970000000000
   1.21247 9.980000000000
   1.21122 9.990000000000
