A [N+Z]    E_n [MeV]
   16     52.6935204
   17      0.0000000
   18      0.0000000
   19      0.0000000
   20      0.0000000
   21     51.0155796
   22      0.0000000
   23      0.0000000
   24      0.0000000
   25      0.0000000
   26     49.2275607
   27      0.0000000
   28      0.0000000
   29      0.0000000
   30      0.0000000
   31     47.1527767
   32      0.0000000
   33      0.0000000
   34      0.0000000
   35      0.0000000
   37     45.3502917
   40      0.0000000
   39      0.0000000
   41      0.0000000
   40      0.0000000
   42     43.7020216
   44      0.0000000
   45      0.0000000
   48      0.0000000
   51      0.0000000
   52     41.7286810
   54      0.0000000
   55      0.0000000
   56      0.0000000
   58      0.0000000
   59     40.4506649
   60      0.0000000
   62      0.0000000
   64      0.0000000
   63      0.0000000
   65     39.7515956
   64      0.0000000
   66      0.0000000
   68      0.0000000
   70      0.0000000
   69     39.1206287
   71      0.0000000
   70      0.0000000
   72      0.0000000
   74      0.0000000
   75     38.2024357
   76      0.0000000
   78      0.0000000
   80      0.0000000
   82      0.0000000
   79     37.6058366
   81      0.0000000
   82      0.0000000
   84      0.0000000
   85      0.0000000
   87     36.8292051
   86      0.0000000
   88      0.0000000
   89      0.0000000
   90      0.0000000
   91     35.8901926
   92      0.0000000
   94      0.0000000
   93      0.0000000
   96      0.0000000
   99     35.2316616
  100      0.0000000
  102      0.0000000
  103      0.0000000
  106      0.0000000
  108     34.1255736
  107      0.0000000
  109      0.0000000
  110      0.0000000
  112      0.0000000
  114     33.8805322
  116      0.0000000
  115      0.0000000
  117      0.0000000
  118      0.0000000
  120     33.2374624
  122      0.0000000
  124      0.0000000
  121      0.0000000
  123      0.0000000
  126     32.6289632
  127      0.0000000
  128      0.0000000
  130      0.0000000
  133      0.0000000
  134     31.8668860
  136      0.0000000
  139      0.0000000
  140      0.0000000
  142      0.0000000
  143     31.0675740
  144      0.0000000
  146      0.0000000
  149      0.0000000
  150      0.0000000
  152     30.8156979
  153      0.0000000
  156      0.0000000
  158      0.0000000
  159      0.0000000
  162     30.0387262
  164      0.0000000
  165      0.0000000
  168      0.0000000
  170      0.0000000
  171     29.3677449
  174      0.0000000
  176      0.0000000
  175      0.0000000
  177      0.0000000
  178     28.8588199
  180      0.0000000
  181      0.0000000
  184      0.0000000
  187      0.0000000
  190     28.0037229
  192      0.0000000
  192      0.0000000
  196      0.0000000
  198      0.0000000
  197     27.5116644
  200      0.0000000
  202      0.0000000
  203      0.0000000
  205      0.0000000
  204     27.0230095
  206      0.0000000
  208      0.0000000
  209      0.0000000
  210      0.0000000
  213     26.3987354
  222      0.0000000
