A [N+Z]    E_n [MeV]
   16      9.0100901
   17      0.0000000
   18      0.0000000
   19      0.0000000
   20      0.0000000
   21      7.9976958
   22      0.0000000
   23      0.0000000
   24      0.0000000
   25      0.0000000
   26      6.4196111
   27      0.0000000
   28      0.0000000
   29      0.0000000
   30      0.0000000
   31      3.8066990
   32      0.0000000
   33      0.0000000
   34      0.0000000
   35      0.0000000
   37      1.1789033
   40      0.0000000
   39      0.0000000
   41      0.0000000
   40      0.0000000
   42     -1.7381170
   44      0.0000000
   45      0.0000000
   48      0.0000000
   51      0.0000000
   52     -5.4720934
   54      0.0000000
   55      0.0000000
   56      0.0000000
   58      0.0000000
   59     -8.0262481
   60      0.0000000
   62      0.0000000
   64      0.0000000
   63      0.0000000
   65     -9.2799500
   64      0.0000000
   66      0.0000000
   68      0.0000000
   70      0.0000000
   69    -10.4466455
   71      0.0000000
   70      0.0000000
   72      0.0000000
   74      0.0000000
   75    -12.0541663
   76      0.0000000
   78      0.0000000
   80      0.0000000
   82      0.0000000
   79    -13.0408038
   81      0.0000000
   82      0.0000000
   84      0.0000000
   85      0.0000000
   87    -14.0728161
   86      0.0000000
   88      0.0000000
   89      0.0000000
   90      0.0000000
   91    -15.6563365
   92      0.0000000
   94      0.0000000
   93      0.0000000
   96      0.0000000
   99    -16.3676397
  100      0.0000000
  102      0.0000000
  103      0.0000000
  106      0.0000000
  108    -17.8566787
  107      0.0000000
  109      0.0000000
  110      0.0000000
  112      0.0000000
  114    -17.9408645
  116      0.0000000
  115      0.0000000
  117      0.0000000
  118      0.0000000
  120    -18.7686320
  122      0.0000000
  124      0.0000000
  121      0.0000000
  123      0.0000000
  126    -19.5401117
  127      0.0000000
  128      0.0000000
  130      0.0000000
  133      0.0000000
  134    -20.4910034
  136      0.0000000
  139      0.0000000
  140      0.0000000
  142      0.0000000
  143    -21.4675682
  144      0.0000000
  146      0.0000000
  149      0.0000000
  150      0.0000000
  152    -21.4977910
  153      0.0000000
  156      0.0000000
  158      0.0000000
  159      0.0000000
  162    -22.3919747
  164      0.0000000
  165      0.0000000
  168      0.0000000
  170      0.0000000
  171    -23.1294940
  174      0.0000000
  176      0.0000000
  175      0.0000000
  177      0.0000000
  178    -23.6641494
  180      0.0000000
  181      0.0000000
  184      0.0000000
  187      0.0000000
  190    -24.5106698
  192      0.0000000
  192      0.0000000
  196      0.0000000
  198      0.0000000
  197    -24.9679221
  200      0.0000000
  202      0.0000000
  203      0.0000000
  205      0.0000000
  204    -25.4009868
  206      0.0000000
  208      0.0000000
  209      0.0000000
  210      0.0000000
  213    -25.9253183
  222      0.0000000
