r [fm]    Potential [MeV]
   16    -31.0762482
   17      0.0000000
   18      0.0000000
   19      0.0000000
   20      0.0000000
   21    -32.7570161
   22      0.0000000
   23      0.0000000
   24      0.0000000
   25      0.0000000
   26    -33.7228987
   27      0.0000000
   28      0.0000000
   29      0.0000000
   30      0.0000000
   31    -36.0176596
   32      0.0000000
   33      0.0000000
   34      0.0000000
   35      0.0000000
   37    -36.4528900
   40      0.0000000
   39      0.0000000
   41      0.0000000
   40      0.0000000
   42    -38.2613463
   44      0.0000000
   45      0.0000000
   48      0.0000000
   51      0.0000000
   52    -38.7444255
   54      0.0000000
   55      0.0000000
   56      0.0000000
   58      0.0000000
   59    -39.5081891
   60      0.0000000
   62      0.0000000
   64      0.0000000
   63      0.0000000
   65    -39.1207120
   64      0.0000000
   66      0.0000000
   68      0.0000000
   70      0.0000000
   69    -39.4461144
   71      0.0000000
   70      0.0000000
   72      0.0000000
   74      0.0000000
   75    -39.8839644
   76      0.0000000
   78      0.0000000
   80      0.0000000
   82      0.0000000
   79    -40.1472376
   81      0.0000000
   82      0.0000000
   84      0.0000000
   85      0.0000000
   87    -39.6617326
   86      0.0000000
   88      0.0000000
   89      0.0000000
   90      0.0000000
   91    -40.8273993
   92      0.0000000
   94      0.0000000
   93      0.0000000
   96      0.0000000
   99    -40.2476986
  100      0.0000000
  102      0.0000000
  103      0.0000000
  106      0.0000000
  108    -40.6189551
  107      0.0000000
  109      0.0000000
  110      0.0000000
  112      0.0000000
  114    -39.8756116
  116      0.0000000
  115      0.0000000
  117      0.0000000
  118      0.0000000
  120    -40.0777088
  122      0.0000000
  124      0.0000000
  121      0.0000000
  123      0.0000000
  126    -40.2643977
  127      0.0000000
  128      0.0000000
  130      0.0000000
  133      0.0000000
  134    -40.4923871
  136      0.0000000
  139      0.0000000
  140      0.0000000
  142      0.0000000
  143    -40.7242132
  144      0.0000000
  146      0.0000000
  149      0.0000000
  150      0.0000000
  152    -39.9606843
  153      0.0000000
  156      0.0000000
  158      0.0000000
  159      0.0000000
  162    -40.1696016
  164      0.0000000
  165      0.0000000
  168      0.0000000
  170      0.0000000
  171    -40.3405846
  174      0.0000000
  176      0.0000000
  175      0.0000000
  177      0.0000000
  178    -40.4638125
  180      0.0000000
  181      0.0000000
  184      0.0000000
  187      0.0000000
  190    -40.6577234
  192      0.0000000
  192      0.0000000
  196      0.0000000
  198      0.0000000
  197    -40.7618755
  200      0.0000000
  202      0.0000000
  203      0.0000000
  205      0.0000000
  204    -40.8601508
  206      0.0000000
  208      0.0000000
  209      0.0000000
  210      0.0000000
  213    -40.9786716
  222      0.0000000
