A [N+Z]    E_n [MeV]
   16      2.8772289
   17      0.0000000
   18      0.0000000
   19      0.0000000
   20      0.0000000
   21      1.5831486
   22      0.0000000
   23      0.0000000
   24      0.0000000
   25      0.0000000
   26      0.2255893
   27      0.0000000
   28      0.0000000
   29      0.0000000
   30      0.0000000
   31     -1.9072244
   32      0.0000000
   33      0.0000000
   34      0.0000000
   35      0.0000000
   37     -3.5359803
   40      0.0000000
   39      0.0000000
   41      0.0000000
   40      0.0000000
   42     -5.7247554
   44      0.0000000
   45      0.0000000
   48      0.0000000
   51      0.0000000
   52     -8.1586401
   54      0.0000000
   55      0.0000000
   56      0.0000000
   58      0.0000000
   59    -10.0146615
   60      0.0000000
   62      0.0000000
   64      0.0000000
   63      0.0000000
   65    -10.7715768
   64      0.0000000
   66      0.0000000
   68      0.0000000
   70      0.0000000
   69    -11.6544270
   71      0.0000000
   70      0.0000000
   72      0.0000000
   74      0.0000000
   75    -12.8912698
   76      0.0000000
   78      0.0000000
   80      0.0000000
   82      0.0000000
   79    -13.6622800
   81      0.0000000
   82      0.0000000
   84      0.0000000
   85      0.0000000
   87    -14.3296057
   86      0.0000000
   88      0.0000000
   89      0.0000000
   90      0.0000000
   91    -15.7506832
   92      0.0000000
   94      0.0000000
   93      0.0000000
   96      0.0000000
   99    -16.1941581
  100      0.0000000
  102      0.0000000
  103      0.0000000
  106      0.0000000
  108    -17.4321133
  107      0.0000000
  109      0.0000000
  110      0.0000000
  112      0.0000000
  114    -17.3823134
  116      0.0000000
  115      0.0000000
  117      0.0000000
  118      0.0000000
  120    -18.0866375
  122      0.0000000
  124      0.0000000
  121      0.0000000
  123      0.0000000
  126    -18.7495389
  127      0.0000000
  128      0.0000000
  130      0.0000000
  133      0.0000000
  134    -19.5752462
  136      0.0000000
  139      0.0000000
  140      0.0000000
  142      0.0000000
  143    -20.4332393
  144      0.0000000
  146      0.0000000
  149      0.0000000
  150      0.0000000
  152    -20.3719423
  153      0.0000000
  156      0.0000000
  158      0.0000000
  159      0.0000000
  162    -21.1739804
  164      0.0000000
  165      0.0000000
  168      0.0000000
  170      0.0000000
  171    -21.8420283
  174      0.0000000
  176      0.0000000
  175      0.0000000
  177      0.0000000
  178    -22.3299919
  180      0.0000000
  181      0.0000000
  184      0.0000000
  187      0.0000000
  190    -23.1088300
  192      0.0000000
  192      0.0000000
  196      0.0000000
  198      0.0000000
  197    -23.5326597
  200      0.0000000
  202      0.0000000
  203      0.0000000
  205      0.0000000
  204    -23.9360545
  206      0.0000000
  208      0.0000000
  209      0.0000000
  210      0.0000000
  213    -24.4269825
  222      0.0000000
