A [N+Z]    E_n [MeV]
   16    -14.4511027
   17      0.0000000
   18      0.0000000
   19      0.0000000
   20      0.0000000
   21    -17.8407865
   22      0.0000000
   23      0.0000000
   24      0.0000000
   25      0.0000000
   26    -20.5770439
   27      0.0000000
   28      0.0000000
   29      0.0000000
   30      0.0000000
   31    -20.8111794
   32      0.0000000
   33      0.0000000
   34      0.0000000
   35      0.0000000
   37    -23.1430259
   40      0.0000000
   39      0.0000000
   41      0.0000000
   40      0.0000000
   42    -22.7388097
   44      0.0000000
   45      0.0000000
   48      0.0000000
   51      0.0000000
   52    -24.8038229
   54      0.0000000
   55      0.0000000
   56      0.0000000
   58      0.0000000
   59    -25.2963189
   60      0.0000000
   62      0.0000000
   64      0.0000000
   63      0.0000000
   65    -26.6850561
   64      0.0000000
   66      0.0000000
   68      0.0000000
   70      0.0000000
   69    -26.7267324
   71      0.0000000
   70      0.0000000
   72      0.0000000
   74      0.0000000
   75    -27.0733246
   76      0.0000000
   78      0.0000000
   80      0.0000000
   82      0.0000000
   79    -27.0361025
   81      0.0000000
   82      0.0000000
   84      0.0000000
   85      0.0000000
   87    -28.4685344
   86      0.0000000
   88      0.0000000
   89      0.0000000
   90      0.0000000
   91    -27.1237020
   92      0.0000000
   94      0.0000000
   93      0.0000000
   96      0.0000000
   99    -28.1150312
  100      0.0000000
  102      0.0000000
  103      0.0000000
  106      0.0000000
  108    -28.2380390
  107      0.0000000
  109      0.0000000
  110      0.0000000
  112      0.0000000
  114    -29.2119851
  116      0.0000000
  115      0.0000000
  117      0.0000000
  118      0.0000000
  120    -29.2303369
  122      0.0000000
  124      0.0000000
  121      0.0000000
  123      0.0000000
  126    -29.2252041
  127      0.0000000
  128      0.0000000
  130      0.0000000
  133      0.0000000
  134    -28.8045517
  136      0.0000000
  139      0.0000000
  140      0.0000000
  142      0.0000000
  143    -28.7327535
  144      0.0000000
  146      0.0000000
  149      0.0000000
  150      0.0000000
  152    -29.5730442
  153      0.0000000
  156      0.0000000
  158      0.0000000
  159      0.0000000
  162    -29.2467850
  164      0.0000000
  165      0.0000000
  168      0.0000000
  170      0.0000000
  171    -29.0934088
  174      0.0000000
  176      0.0000000
  175      0.0000000
  177      0.0000000
  178    -28.7859434
  180      0.0000000
  181      0.0000000
  184      0.0000000
  187      0.0000000
  190    -28.5370653
  192      0.0000000
  192      0.0000000
  196      0.0000000
  198      0.0000000
  197    -28.2111835
  200      0.0000000
  202      0.0000000
  203      0.0000000
  205      0.0000000
  204    -27.8813850
  206      0.0000000
  208      0.0000000
  209      0.0000000
  210      0.0000000
  213    -27.6633519
  222      0.0000000
