A [N+Z]    E_n [MeV]
   16     10.9339292
   17      0.0000000
   18      0.0000000
   19      0.0000000
   20      0.0000000
   21     10.4847367
   22      0.0000000
   23      0.0000000
   24      0.0000000
   25      0.0000000
   26      9.2751916
   27      0.0000000
   28      0.0000000
   29      0.0000000
   30      0.0000000
   31      8.1648549
   32      0.0000000
   33      0.0000000
   34      0.0000000
   35      0.0000000
   37      5.3111582
   40      0.0000000
   39      0.0000000
   41      0.0000000
   40      0.0000000
   42      4.2149246
   44      0.0000000
   45      0.0000000
   48      0.0000000
   51      0.0000000
   52      0.2969245
   54      0.0000000
   55      0.0000000
   56      0.0000000
   58      0.0000000
   59     -1.6102720
   60      0.0000000
   62      0.0000000
   64      0.0000000
   63      0.0000000
   65     -3.8841297
   64      0.0000000
   66      0.0000000
   68      0.0000000
   70      0.0000000
   69     -4.6316808
   71      0.0000000
   70      0.0000000
   72      0.0000000
   74      0.0000000
   75     -5.9329032
   76      0.0000000
   78      0.0000000
   80      0.0000000
   82      0.0000000
   79     -6.5024557
   81      0.0000000
   82      0.0000000
   84      0.0000000
   85      0.0000000
   87     -8.8561841
   86      0.0000000
   88      0.0000000
   89      0.0000000
   90      0.0000000
   91     -8.1897152
   92      0.0000000
   94      0.0000000
   93      0.0000000
   96      0.0000000
   99     -9.9742568
  100      0.0000000
  102      0.0000000
  103      0.0000000
  106      0.0000000
  108    -11.0299219
  107      0.0000000
  109      0.0000000
  110      0.0000000
  112      0.0000000
  114    -12.4615879
  116      0.0000000
  115      0.0000000
  117      0.0000000
  118      0.0000000
  120    -13.0128259
  122      0.0000000
  124      0.0000000
  121      0.0000000
  123      0.0000000
  126    -13.5050090
  127      0.0000000
  128      0.0000000
  130      0.0000000
  133      0.0000000
  134    -13.7173855
  136      0.0000000
  139      0.0000000
  140      0.0000000
  142      0.0000000
  143    -14.2759775
  144      0.0000000
  146      0.0000000
  149      0.0000000
  150      0.0000000
  152    -15.6130093
  153      0.0000000
  156      0.0000000
  158      0.0000000
  159      0.0000000
  162    -15.8846925
  164      0.0000000
  165      0.0000000
  168      0.0000000
  170      0.0000000
  171    -16.2178164
  174      0.0000000
  176      0.0000000
  175      0.0000000
  177      0.0000000
  178    -16.2709144
  180      0.0000000
  181      0.0000000
  184      0.0000000
  187      0.0000000
  190    -16.5809548
  192      0.0000000
  192      0.0000000
  196      0.0000000
  198      0.0000000
  197    -16.5643022
  200      0.0000000
  202      0.0000000
  203      0.0000000
  205      0.0000000
  204    -16.5275631
  206      0.0000000
  208      0.0000000
  209      0.0000000
  210      0.0000000
  213    -16.6560793
  222      0.0000000
