A [N+Z]    E_n [MeV]
   16     21.2444519
   17      0.0000000
   18      0.0000000
   19      0.0000000
   20      0.0000000
   21     20.1128191
   22      0.0000000
   23      0.0000000
   24      0.0000000
   25      0.0000000
   26     19.0038250
   27      0.0000000
   28      0.0000000
   29      0.0000000
   30      0.0000000
   31     18.8641517
   32      0.0000000
   33      0.0000000
   34      0.0000000
   35      0.0000000
   37     17.7888996
   40      0.0000000
   39      0.0000000
   41      0.0000000
   40      0.0000000
   42     17.9597107
   44      0.0000000
   45      0.0000000
   48      0.0000000
   51      0.0000000
   52     17.1740124
   54      0.0000000
   55      0.0000000
   56      0.0000000
   58      0.0000000
   59     17.0321953
   60      0.0000000
   62      0.0000000
   64      0.0000000
   63      0.0000000
   65     16.5142418
   64      0.0000000
   66      0.0000000
   68      0.0000000
   70      0.0000000
   69     16.5292617
   71      0.0000000
   70      0.0000000
   72      0.0000000
   74      0.0000000
   75     16.3093321
   76      0.0000000
   78      0.0000000
   80      0.0000000
   82      0.0000000
   79     16.3151526
   81      0.0000000
   82      0.0000000
   84      0.0000000
   85      0.0000000
   87     15.4606878
   86      0.0000000
   88      0.0000000
   89      0.0000000
   90      0.0000000
   91     16.0492516
   92      0.0000000
   94      0.0000000
   93      0.0000000
   96      0.0000000
   99     15.3360991
  100      0.0000000
  102      0.0000000
  103      0.0000000
  106      0.0000000
  108     14.8439760
  107      0.0000000
  109      0.0000000
  110      0.0000000
  112      0.0000000
  114     14.0173637
  116      0.0000000
  115      0.0000000
  117      0.0000000
  118      0.0000000
  120     13.6463000
  122      0.0000000
  124      0.0000000
  121      0.0000000
  123      0.0000000
  126     13.2744305
  127      0.0000000
  128      0.0000000
  130      0.0000000
  133      0.0000000
  134     13.1028371
  136      0.0000000
  139      0.0000000
  140      0.0000000
  142      0.0000000
  143     12.5623750
  144      0.0000000
  146      0.0000000
  149      0.0000000
  150      0.0000000
  152     11.4163198
  153      0.0000000
  156      0.0000000
  158      0.0000000
  159      0.0000000
  162     10.9988709
  164      0.0000000
  165      0.0000000
  168      0.0000000
  170      0.0000000
  171     10.5128484
  174      0.0000000
  176      0.0000000
  175      0.0000000
  177      0.0000000
  178     10.3135509
  180      0.0000000
  181      0.0000000
  184      0.0000000
  187      0.0000000
  190      9.7496760
  192      0.0000000
  192      0.0000000
  196      0.0000000
  198      0.0000000
  197      9.6020275
  200      0.0000000
  202      0.0000000
  203      0.0000000
  205      0.0000000
  204      9.4726617
  206      0.0000000
  208      0.0000000
  209      0.0000000
  210      0.0000000
  213      9.1374776
  222      0.0000000
