A [N+Z]    E_n [MeV]
   16     14.3020367
   17      0.0000000
   18      0.0000000
   19      0.0000000
   20      0.0000000
   21     13.5012247
   22      0.0000000
   23      0.0000000
   24      0.0000000
   25      0.0000000
   26     13.1470748
   27      0.0000000
   28      0.0000000
   29      0.0000000
   30      0.0000000
   31     13.3673892
   32      0.0000000
   33      0.0000000
   34      0.0000000
   35      0.0000000
   37     12.9197794
   40      0.0000000
   39      0.0000000
   41      0.0000000
   40      0.0000000
   42     13.1112972
   44      0.0000000
   45      0.0000000
   48      0.0000000
   51      0.0000000
   52     12.2429904
   54      0.0000000
   55      0.0000000
   56      0.0000000
   58      0.0000000
   59     11.6880594
   60      0.0000000
   62      0.0000000
   64      0.0000000
   63      0.0000000
   65     10.6232384
   64      0.0000000
   66      0.0000000
   68      0.0000000
   70      0.0000000
   69     10.2947025
   71      0.0000000
   70      0.0000000
   72      0.0000000
   74      0.0000000
   75      9.5327253
   76      0.0000000
   78      0.0000000
   80      0.0000000
   82      0.0000000
   79      9.2029159
   81      0.0000000
   82      0.0000000
   84      0.0000000
   85      0.0000000
   87      7.4943229
   86      0.0000000
   88      0.0000000
   89      0.0000000
   90      0.0000000
   91      8.0000416
   92      0.0000000
   94      0.0000000
   93      0.0000000
   96      0.0000000
   99      6.5747737
  100      0.0000000
  102      0.0000000
  103      0.0000000
  106      0.0000000
  108      5.5831106
  107      0.0000000
  109      0.0000000
  110      0.0000000
  112      0.0000000
  114      4.3092805
  116      0.0000000
  115      0.0000000
  117      0.0000000
  118      0.0000000
  120      3.7160833
  122      0.0000000
  124      0.0000000
  121      0.0000000
  123      0.0000000
  126      3.1611642
  127      0.0000000
  128      0.0000000
  130      0.0000000
  133      0.0000000
  134      2.8165504
  136      0.0000000
  139      0.0000000
  140      0.0000000
  142      0.0000000
  143      2.1160976
  144      0.0000000
  146      0.0000000
  149      0.0000000
  150      0.0000000
  152      0.7337712
  153      0.0000000
  156      0.0000000
  158      0.0000000
  159      0.0000000
  162      0.2572101
  164      0.0000000
  165      0.0000000
  168      0.0000000
  170      0.0000000
  171     -0.2571014
  174      0.0000000
  176      0.0000000
  175      0.0000000
  177      0.0000000
  178     -0.4588457
  180      0.0000000
  181      0.0000000
  184      0.0000000
  187      0.0000000
  190     -1.0104776
  192      0.0000000
  192      0.0000000
  196      0.0000000
  198      0.0000000
  197     -1.1378141
  200      0.0000000
  202      0.0000000
  203      0.0000000
  205      0.0000000
  204     -1.2418443
  206      0.0000000
  208      0.0000000
  209      0.0000000
  210      0.0000000
  213     -1.5408715
  222      0.0000000
