A [N+Z]    E_n [MeV]
   16     19.8899642
   17      0.0000000
   18      0.0000000
   19      0.0000000
   20      0.0000000
   21     17.7754723
   22      0.0000000
   23      0.0000000
   24      0.0000000
   25      0.0000000
   26     15.9698930
   27      0.0000000
   28      0.0000000
   29      0.0000000
   30      0.0000000
   31     15.5318520
   32      0.0000000
   33      0.0000000
   34      0.0000000
   35      0.0000000
   37     14.7906015
   40      0.0000000
   39      0.0000000
   41      0.0000000
   40      0.0000000
   42     14.9868010
   44      0.0000000
   45      0.0000000
   48      0.0000000
   51      0.0000000
   52     14.5759757
   54      0.0000000
   55      0.0000000
   56      0.0000000
   58      0.0000000
   59     14.3797417
   60      0.0000000
   62      0.0000000
   64      0.0000000
   63      0.0000000
   65     13.7703029
   64      0.0000000
   66      0.0000000
   68      0.0000000
   70      0.0000000
   69     13.6161563
   71      0.0000000
   70      0.0000000
   72      0.0000000
   74      0.0000000
   75     13.0875825
   76      0.0000000
   78      0.0000000
   80      0.0000000
   82      0.0000000
   79     12.8691309
   81      0.0000000
   82      0.0000000
   84      0.0000000
   85      0.0000000
   87     11.4794269
   86      0.0000000
   88      0.0000000
   89      0.0000000
   90      0.0000000
   91     11.8743189
   92      0.0000000
   94      0.0000000
   93      0.0000000
   96      0.0000000
   99     10.6176163
  100      0.0000000
  102      0.0000000
  103      0.0000000
  106      0.0000000
  108      9.6008851
  107      0.0000000
  109      0.0000000
  110      0.0000000
  112      0.0000000
  114      8.3818338
  116      0.0000000
  115      0.0000000
  117      0.0000000
  118      0.0000000
  120      7.7235521
  122      0.0000000
  124      0.0000000
  121      0.0000000
  123      0.0000000
  126      7.0944554
  127      0.0000000
  128      0.0000000
  130      0.0000000
  133      0.0000000
  134      6.6407059
  136      0.0000000
  139      0.0000000
  140      0.0000000
  142      0.0000000
  143      5.8139153
  144      0.0000000
  146      0.0000000
  149      0.0000000
  150      0.0000000
  152      4.3626277
  153      0.0000000
  156      0.0000000
  158      0.0000000
  159      0.0000000
  162      3.7391777
  164      0.0000000
  165      0.0000000
  168      0.0000000
  170      0.0000000
  171      3.0964763
  174      0.0000000
  176      0.0000000
  175      0.0000000
  177      0.0000000
  178      2.7987207
  180      0.0000000
  181      0.0000000
  184      0.0000000
  187      0.0000000
  190      2.0885526
  192      0.0000000
  192      0.0000000
  196      0.0000000
  198      0.0000000
  197      1.8737339
  200      0.0000000
  202      0.0000000
  203      0.0000000
  205      0.0000000
  204      1.6853224
  206      0.0000000
  208      0.0000000
  209      0.0000000
  210      0.0000000
  213      1.2810552
  222      0.0000000
