A [N+Z]    E_n [MeV]
   16      4.3512579
   17      0.0000000
   18      0.0000000
   19      0.0000000
   20      0.0000000
   21      0.9753689
   22      0.0000000
   23      0.0000000
   24      0.0000000
   25      0.0000000
   26     -2.4979757
   27      0.0000000
   28      0.0000000
   29      0.0000000
   30      0.0000000
   31     -4.0950253
   32      0.0000000
   33      0.0000000
   34      0.0000000
   35      0.0000000
   37     -7.4336594
   40      0.0000000
   39      0.0000000
   41      0.0000000
   40      0.0000000
   42     -8.1290622
   44      0.0000000
   45      0.0000000
   48      0.0000000
   51      0.0000000
   52    -11.5921723
   54      0.0000000
   55      0.0000000
   56      0.0000000
   58      0.0000000
   59    -12.9910349
   60      0.0000000
   62      0.0000000
   64      0.0000000
   63      0.0000000
   65    -14.9529020
   64      0.0000000
   66      0.0000000
   68      0.0000000
   70      0.0000000
   69    -15.4140802
   71      0.0000000
   70      0.0000000
   72      0.0000000
   74      0.0000000
   75    -16.3220622
   76      0.0000000
   78      0.0000000
   80      0.0000000
   82      0.0000000
   79    -16.6335971
   81      0.0000000
   82      0.0000000
   84      0.0000000
   85      0.0000000
   87    -18.6052668
   86      0.0000000
   88      0.0000000
   89      0.0000000
   90      0.0000000
   91    -17.6265054
   92      0.0000000
   94      0.0000000
   93      0.0000000
   96      0.0000000
   99    -19.0674637
  100      0.0000000
  102      0.0000000
  103      0.0000000
  106      0.0000000
  108    -19.7019642
  107      0.0000000
  109      0.0000000
  110      0.0000000
  112      0.0000000
  114    -20.9305489
  116      0.0000000
  115      0.0000000
  117      0.0000000
  118      0.0000000
  120    -21.2360150
  122      0.0000000
  124      0.0000000
  121      0.0000000
  123      0.0000000
  126    -21.4972062
  127      0.0000000
  128      0.0000000
  130      0.0000000
  133      0.0000000
  134    -21.4119052
  136      0.0000000
  139      0.0000000
  140      0.0000000
  142      0.0000000
  143    -21.6733847
  144      0.0000000
  146      0.0000000
  149      0.0000000
  150      0.0000000
  152    -22.7777827
  153      0.0000000
  156      0.0000000
  158      0.0000000
  159      0.0000000
  162    -22.7630692
  164      0.0000000
  165      0.0000000
  168      0.0000000
  170      0.0000000
  171    -22.8622805
  174      0.0000000
  176      0.0000000
  175      0.0000000
  177      0.0000000
  178    -22.7408335
  180      0.0000000
  181      0.0000000
  184      0.0000000
  187      0.0000000
  190    -22.7797674
  192      0.0000000
  192      0.0000000
  196      0.0000000
  198      0.0000000
  197    -22.6121390
  200      0.0000000
  202      0.0000000
  203      0.0000000
  205      0.0000000
  204    -22.4319400
  206      0.0000000
  208      0.0000000
  209      0.0000000
  210      0.0000000
  213    -22.3907304
  222      0.0000000
