A [N+Z]    E_n [MeV]
   16     47.3495210
   17      0.0000000
   18      0.0000000
   19      0.0000000
   20      0.0000000
   21     45.4076065
   22      0.0000000
   23      0.0000000
   24      0.0000000
   25      0.0000000
   26     44.0276905
   27      0.0000000
   28      0.0000000
   29      0.0000000
   30      0.0000000
   31     43.7903633
   32      0.0000000
   33      0.0000000
   34      0.0000000
   35      0.0000000
   37     42.6692917
   40      0.0000000
   39      0.0000000
   41      0.0000000
   40      0.0000000
   42     42.7173369
   44      0.0000000
   45      0.0000000
   48      0.0000000
   51      0.0000000
   52     41.4352141
   54      0.0000000
   55      0.0000000
   56      0.0000000
   58      0.0000000
   59     40.8675980
   60      0.0000000
   62      0.0000000
   64      0.0000000
   63      0.0000000
   65     39.8715572
   64      0.0000000
   66      0.0000000
   68      0.0000000
   70      0.0000000
   69     39.6607271
   71      0.0000000
   70      0.0000000
   72      0.0000000
   74      0.0000000
   75     39.1405114
   76      0.0000000
   78      0.0000000
   80      0.0000000
   82      0.0000000
   79     38.9890153
   81      0.0000000
   82      0.0000000
   84      0.0000000
   85      0.0000000
   87     37.8221889
   86      0.0000000
   88      0.0000000
   89      0.0000000
   90      0.0000000
   91     38.4300941
   92      0.0000000
   94      0.0000000
   93      0.0000000
   96      0.0000000
   99     37.6177922
  100      0.0000000
  102      0.0000000
  103      0.0000000
  106      0.0000000
  108     37.2092609
  107      0.0000000
  109      0.0000000
  110      0.0000000
  112      0.0000000
  114     36.4944521
  116      0.0000000
  115      0.0000000
  117      0.0000000
  118      0.0000000
  120     36.2688358
  122      0.0000000
  124      0.0000000
  121      0.0000000
  123      0.0000000
  126     36.0561819
  127      0.0000000
  128      0.0000000
  130      0.0000000
  133      0.0000000
  134     36.0839370
  136      0.0000000
  139      0.0000000
  140      0.0000000
  142      0.0000000
  143     35.7847488
  144      0.0000000
  146      0.0000000
  149      0.0000000
  150      0.0000000
  152     34.9418777
  153      0.0000000
  156      0.0000000
  158      0.0000000
  159      0.0000000
  162     34.7341810
  164      0.0000000
  165      0.0000000
  168      0.0000000
  170      0.0000000
  171     34.4124442
  174      0.0000000
  176      0.0000000
  175      0.0000000
  177      0.0000000
  178     34.3078592
  180      0.0000000
  181      0.0000000
  184      0.0000000
  187      0.0000000
  190     33.8810597
  192      0.0000000
  192      0.0000000
  196      0.0000000
  198      0.0000000
  197     33.7809071
  200      0.0000000
  202      0.0000000
  203      0.0000000
  205      0.0000000
  204     33.6846338
  206      0.0000000
  208      0.0000000
  209      0.0000000
  210      0.0000000
  213     33.3841140
  222      0.0000000
