A [N+Z]    E_n [MeV]
   16     23.9168864
   17      0.0000000
   18      0.0000000
   19      0.0000000
   20      0.0000000
   21     22.7512014
   22      0.0000000
   23      0.0000000
   24      0.0000000
   25      0.0000000
   26     21.7007928
   27      0.0000000
   28      0.0000000
   29      0.0000000
   30      0.0000000
   31     21.4555030
   32      0.0000000
   33      0.0000000
   34      0.0000000
   35      0.0000000
   37     20.2299119
   40      0.0000000
   39      0.0000000
   41      0.0000000
   40      0.0000000
   42     20.1906269
   44      0.0000000
   45      0.0000000
   48      0.0000000
   51      0.0000000
   52     18.9813737
   54      0.0000000
   55      0.0000000
   56      0.0000000
   58      0.0000000
   59     18.6316607
   60      0.0000000
   62      0.0000000
   64      0.0000000
   63      0.0000000
   65     18.0059631
   64      0.0000000
   66      0.0000000
   68      0.0000000
   70      0.0000000
   69     17.9884336
   71      0.0000000
   70      0.0000000
   72      0.0000000
   74      0.0000000
   75     17.7556124
   76      0.0000000
   78      0.0000000
   80      0.0000000
   82      0.0000000
   79     17.7720668
   81      0.0000000
   82      0.0000000
   84      0.0000000
   85      0.0000000
   87     17.0200287
   86      0.0000000
   88      0.0000000
   89      0.0000000
   90      0.0000000
   91     17.5948168
   92      0.0000000
   94      0.0000000
   93      0.0000000
   96      0.0000000
   99     17.0224163
  100      0.0000000
  102      0.0000000
  103      0.0000000
  106      0.0000000
  108     16.6327826
  107      0.0000000
  109      0.0000000
  110      0.0000000
  112      0.0000000
  114     15.9351313
  116      0.0000000
  115      0.0000000
  117      0.0000000
  118      0.0000000
  120     15.6181471
  122      0.0000000
  124      0.0000000
  121      0.0000000
  123      0.0000000
  126     15.2905716
  127      0.0000000
  128      0.0000000
  130      0.0000000
  133      0.0000000
  134     15.1574138
  136      0.0000000
  139      0.0000000
  140      0.0000000
  142      0.0000000
  143     14.6477320
  144      0.0000000
  146      0.0000000
  149      0.0000000
  150      0.0000000
  152     13.5735805
  153      0.0000000
  156      0.0000000
  158      0.0000000
  159      0.0000000
  162     13.1472922
  164      0.0000000
  165      0.0000000
  168      0.0000000
  170      0.0000000
  171     12.6426132
  174      0.0000000
  176      0.0000000
  175      0.0000000
  177      0.0000000
  178     12.4213474
  180      0.0000000
  181      0.0000000
  184      0.0000000
  187      0.0000000
  190     11.8120905
  192      0.0000000
  192      0.0000000
  196      0.0000000
  198      0.0000000
  197     11.6328858
  200      0.0000000
  202      0.0000000
  203      0.0000000
  205      0.0000000
  204     11.4697534
  206      0.0000000
  208      0.0000000
  209      0.0000000
  210      0.0000000
  213     11.0892574
  222      0.0000000
