A [N+Z]    E_n [MeV]
   16     44.2845802
   17      0.0000000
   18      0.0000000
   19      0.0000000
   20      0.0000000
   21     42.3731033
   22      0.0000000
   23      0.0000000
   24      0.0000000
   25      0.0000000
   26     40.5809712
   27      0.0000000
   28      0.0000000
   29      0.0000000
   30      0.0000000
   31     39.8443915
   32      0.0000000
   33      0.0000000
   34      0.0000000
   35      0.0000000
   37     38.4210237
   40      0.0000000
   39      0.0000000
   41      0.0000000
   40      0.0000000
   42     38.2586535
   44      0.0000000
   45      0.0000000
   48      0.0000000
   51      0.0000000
   52     36.9147189
   54      0.0000000
   55      0.0000000
   56      0.0000000
   58      0.0000000
   59     36.2951346
   60      0.0000000
   62      0.0000000
   64      0.0000000
   63      0.0000000
   65     35.3133288
   64      0.0000000
   66      0.0000000
   68      0.0000000
   70      0.0000000
   69     35.0553075
   71      0.0000000
   70      0.0000000
   72      0.0000000
   74      0.0000000
   75     34.4463245
   76      0.0000000
   78      0.0000000
   80      0.0000000
   82      0.0000000
   79     34.2341918
   81      0.0000000
   82      0.0000000
   84      0.0000000
   85      0.0000000
   87     32.9870189
   86      0.0000000
   88      0.0000000
   89      0.0000000
   90      0.0000000
   91     33.4870118
   92      0.0000000
   94      0.0000000
   93      0.0000000
   96      0.0000000
   99     32.6183839
  100      0.0000000
  102      0.0000000
  103      0.0000000
  106      0.0000000
  108     32.1175596
  107      0.0000000
  109      0.0000000
  110      0.0000000
  112      0.0000000
  114     31.4193908
  116      0.0000000
  115      0.0000000
  117      0.0000000
  118      0.0000000
  120     31.1687354
  122      0.0000000
  124      0.0000000
  121      0.0000000
  123      0.0000000
  126     30.9424141
  127      0.0000000
  128      0.0000000
  130      0.0000000
  133      0.0000000
  134     30.9655321
  136      0.0000000
  139      0.0000000
  140      0.0000000
  142      0.0000000
  143     30.6709128
  144      0.0000000
  146      0.0000000
  149      0.0000000
  150      0.0000000
  152     29.9129205
  153      0.0000000
  156      0.0000000
  158      0.0000000
  159      0.0000000
  162     29.7167165
  164      0.0000000
  165      0.0000000
  168      0.0000000
  170      0.0000000
  171     29.4003817
  174      0.0000000
  176      0.0000000
  175      0.0000000
  177      0.0000000
  178     29.2954583
  180      0.0000000
  181      0.0000000
  184      0.0000000
  187      0.0000000
  190     28.8573281
  192      0.0000000
  192      0.0000000
  196      0.0000000
  198      0.0000000
  197     28.7444286
  200      0.0000000
  202      0.0000000
  203      0.0000000
  205      0.0000000
  204     28.6309241
  206      0.0000000
  208      0.0000000
  209      0.0000000
  210      0.0000000
  213     28.3012948
  222      0.0000000
